layer: classifier
shape: (1, 3)
min: 0.33076611161231995
max: 0.33500584959983826
mean: 0.3333333432674408
