class_0: 0.334228
class_1: 0.335006
class_2: 0.330766
