layer: gap
shape: (1, 256)
min: -0.006934843957424164
max: 0.01246841810643673
mean: 0.001928886165842414
