class_0: 0.334214
class_1: 0.335234
class_2: 0.330552
