layer: classifier
shape: (1, 3)
min: 0.3305516242980957
max: 0.33523446321487427
mean: 0.3333333432674408
