layer: gap
shape: (1, 256)
min: -0.006990548688918352
max: 0.013248075731098652
mean: 0.002128930762410164
