class_0: 0.249705
class_1: 0.249809
class_2: 0.250209
class_3: 0.250277
