layer: classifier
shape: (1, 4)
min: 0.2497054934501648
max: 0.2502768635749817
mean: 0.2499999850988388
