layer: dropout
shape: (1, 256)
min: -0.0016848808154463768
max: 0.0039084432646632195
mean: 0.000872056232765317
