class_0: 0.250519
class_1: 0.249288
class_2: 0.250149
class_3: 0.250045
