layer: classifier
shape: (1, 4)
min: 0.24928778409957886
max: 0.2505190372467041
mean: 0.2499999850988388
