layer: gap
shape: (1, 256)
min: -0.003288071369752288
max: 0.005129811819642782
mean: 0.0009027784690260887
