class_0: 0.251167
class_1: 0.250857
class_2: 0.246541
class_3: 0.251435
