layer: dropout
shape: (1, 256)
min: -0.008484644815325737
max: 0.017376013100147247
mean: 0.0030369721353054047
