class_0: 0.249738
class_1: 0.253084
class_2: 0.249410
class_3: 0.247768
