layer: classifier
shape: (1, 4)
min: 0.24776849150657654
max: 0.2530836760997772
mean: 0.2500000298023224
