layer: gap
shape: (1, 256)
min: -0.008805815130472183
max: 0.024510592222213745
mean: 0.003617060836404562
