class_0: 0.334265
class_1: 0.335000
class_2: 0.330735
