layer: classifier
shape: (1, 3)
min: 0.3307352662086487
max: 0.3349999487400055
mean: 0.3333333432674408
