layer: dropout
shape: (1, 256)
min: -0.006382694002240896
max: 0.011740125715732574
mean: 0.001873790635727346
