layer: classifier
shape: (1, 4)
min: 0.2480948269367218
max: 0.25271153450012207
mean: 0.2499999701976776
