class_0: 0.249677
class_1: 0.252712
class_2: 0.249517
class_3: 0.248095
