layer: gap
shape: (1, 256)
min: -0.00809204950928688
max: 0.02153063751757145
mean: 0.0032720565795898438
