class_0: 0.249691
class_1: 0.249889
class_2: 0.250238
class_3: 0.250181
