layer: dropout
shape: (1, 256)
min: -0.0017112850910052657
max: 0.003744760062545538
mean: 0.0007571523310616612
