class_0: 0.251428
class_1: 0.250995
class_2: 0.246217
class_3: 0.251360
