layer: dropout
shape: (1, 256)
min: -0.008891860023140907
max: 0.01843879371881485
mean: 0.0031303446739912033
