layer: classifier
shape: (1, 4)
min: 0.249415323138237
max: 0.25046151876449585
mean: 0.2500000298023224
