class_0: 0.250462
class_1: 0.249415
class_2: 0.250092
class_3: 0.250031
