layer: dropout
shape: (1, 256)
min: -0.0026731551624834538
max: 0.004303635563701391
mean: 0.0007908674888312817
