class_0: 0.500201
class_1: 0.499799
