layer: classifier
shape: (1, 2)
min: 0.4997992515563965
max: 0.5002006888389587
mean: 0.4999999701976776
