layer: dropout
shape: (1, 256)
min: -0.0046583241783082485
max: 0.014468701556324959
mean: 0.0019446492660790682
