class_0: 0.250568
class_1: 0.249193
class_2: 0.250193
class_3: 0.250046
