layer: dropout
shape: (1, 256)
min: -0.0035379270557314157
max: 0.005545422434806824
mean: 0.000975726346950978
