layer: classifier
shape: (1, 4)
min: 0.24634245038032532
max: 0.25150901079177856
mean: 0.25
