class_0: 0.251243
class_1: 0.250905
class_2: 0.246342
class_3: 0.251509
