layer: gap
shape: (1, 256)
min: -0.009046859107911587
max: 0.018228569999337196
mean: 0.003167695365846157
