class_0: 0.250393
class_1: 0.249486
class_2: 0.250099
class_3: 0.250022
