layer: classifier
shape: (1, 4)
min: 0.24948571622371674
max: 0.2503930926322937
mean: 0.2500000298023224
