layer: dropout
shape: (1, 256)
min: -0.0024443904403597116
max: 0.0038400774355977774
mean: 0.0006944794440641999
