layer: classifier
shape: (1, 4)
min: 0.24788330495357513
max: 0.25296205282211304
mean: 0.25
