class_0: 0.249719
class_1: 0.252962
class_2: 0.249435
class_3: 0.247883
