layer: gap
shape: (1, 256)
min: -0.008720673620700836
max: 0.02361326292157173
mean: 0.003412866499274969
