class_0: 0.249669
class_1: 0.249809
class_2: 0.250266
class_3: 0.250255
