layer: classifier
shape: (1, 4)
min: 0.24966898560523987
max: 0.2502664029598236
mean: 0.2499999850988388
