layer: gap
shape: (1, 256)
min: -0.0018928368808701634
max: 0.004149753600358963
mean: 0.0009049635846167803
