layer: classifier
shape: (1, 4)
min: 0.24779945611953735
max: 0.25307634472846985
mean: 0.2499999850988388
