class_0: 0.249662
class_1: 0.253076
class_2: 0.249462
class_3: 0.247799
