layer: dropout
shape: (1, 256)
min: -0.008445029146969318
max: 0.02364754118025303
mean: 0.003451443277299404
