class_0: 0.249646
class_1: 0.249864
class_2: 0.250306
class_3: 0.250184
