layer: gap
shape: (1, 256)
min: -0.0019879003521054983
max: 0.004374384414404631
mean: 0.0009000259451568127
