class_0: 0.500138
class_1: 0.499862
