layer: gap
shape: (1, 256)
min: -0.0041039325296878815
max: 0.011780446395277977
mean: 0.0015610638074576855
