layer: classifier
shape: (1, 4)
min: 0.24627530574798584
max: 0.2516203224658966
mean: 0.25
