class_0: 0.251190
class_1: 0.250914
class_2: 0.246275
class_3: 0.251620
