layer: gap
shape: (1, 256)
min: -0.009397034533321857
max: 0.01860598847270012
mean: 0.003222182160243392
